Date,Open,High,Low,Close,Volume,Adj Close
2016-03-10,57.50,58.25,56.50,57.25,94300,55.45
2016-03-09,56.75,58.50,56.50,57.50,56600,55.69
2016-03-08,57.00,57.75,56.00,57.50,51400,55.69
2016-03-07,59.00,59.25,57.50,58.00,74800,56.18
2016-03-04,58.75,59.50,57.00,59.25,198900,57.39
2016-03-03,58.50,58.50,57.00,57.50,99100,55.69
2016-03-02,58.50,58.50,57.25,58.00,159300,56.18
2016-03-01,57.00,59.00,56.75,57.75,176200,55.93
2016-02-29,55.25,57.00,55.00,56.75,146200,54.97
2016-02-26,56.50,56.50,54.75,55.75,170500,54.00
2016-02-25,54.25,55.25,54.25,55.00,122300,53.27
2016-02-24,54.75,55.50,54.00,54.00,93100,52.30
2016-02-23,54.75,54.75,54.25,54.75,79000,53.03
2016-02-22,53.50,55.00,53.50,54.75,95600,53.03
2016-02-19,55.25,55.50,53.50,53.75,51700,52.06
2016-02-18,54.50,55.00,53.50,54.75,116000,53.03
2016-02-17,53.25,54.25,53.25,54.00,118400,52.30
2016-02-16,54.00,54.50,52.50,53.25,164100,51.58
2016-02-15,54.00,55.00,53.00,53.00,50900,51.33
2016-02-12,52.25,54.00,52.25,53.75,37800,52.06
2016-02-11,53.75,53.75,52.25,52.25,125300,50.61
2016-02-10,53.00,54.00,52.50,53.75,365700,52.06
2016-02-09,53.00,53.25,50.50,53.00,111100,51.33
2016-02-08,55.75,55.75,52.50,53.00,123800,51.33
2016-02-05,57.00,57.00,54.50,54.75,188600,53.03
2016-02-04,55.00,57.00,54.00,57.00,123300,55.21
2016-02-03,55.00,55.00,54.00,55.00,188500,53.27
2016-02-02,56.75,56.75,55.00,55.25,277800,53.51
2016-02-01,55.25,56.25,55.25,56.25,144000,54.48
2016-01-29,55.00,55.75,54.75,55.00,46500,53.27
2016-01-28,55.75,55.75,54.75,54.75,185300,53.03
2016-01-27,54.50,55.75,54.25,55.75,53600,54.00
2016-01-26,55.00,55.75,54.00,54.75,123400,53.03
2016-01-25,53.00,55.00,52.75,54.75,122400,53.03
2016-01-22,53.00,53.75,51.25,52.50,175400,50.85
2016-01-21,53.75,53.75,52.00,52.50,130900,50.85
2016-01-20,52.75,53.50,52.50,52.75,177800,51.09
2016-01-19,52.00,53.50,52.00,52.50,154100,50.85
2016-01-18,51.50,53.50,51.50,52.25,77200,50.61
2016-01-15,54.50,54.75,50.75,51.50,121000,49.88
2016-01-14,54.00,54.25,53.00,54.25,180200,52.54
2016-01-13,54.75,56.00,54.00,54.00,114700,52.30
2016-01-12,55.75,55.75,54.25,54.75,43000,53.03
2016-01-11,55.50,56.00,54.00,55.75,99700,54.00
2016-01-08,54.00,55.50,53.50,54.75,185500,53.03
2016-01-07,55.50,55.50,52.25,53.50,183400,51.82
2016-01-06,55.50,55.50,55.50,55.50,000,53.76
2016-01-05,56.75,56.75,55.00,55.50,63000,53.76
2016-01-04,54.50,56.50,53.00,56.00,118700,54.24
2016-01-01,54.25,54.25,54.25,54.25,000,52.54
2015-12-31,54.25,54.25,54.25,54.25,000,52.54
2015-12-30,54.00,55.50,53.25,54.25,132600,52.54
2015-12-29,53.00,54.00,52.75,53.50,93300,51.82
2015-12-28,52.00,53.00,52.00,53.00,70700,51.33
2015-12-25,52.00,52.00,52.00,52.00,000,50.37
2015-12-24,52.00,52.00,52.00,52.00,000,50.37
2015-12-23,51.50,52.25,51.25,52.00,232100,50.37
2015-12-22,52.25,52.25,50.75,50.75,221700,49.15
2015-12-21,51.00,52.25,51.00,52.00,294200,50.37
2015-12-18,48.90,51.25,48.80,51.25,221700,49.64
2015-12-17,52.25,52.25,49.30,49.90,395500,48.33
2015-12-16,51.25,52.00,51.00,51.25,563300,49.64
2015-12-15,52.00,52.75,51.75,51.75,307100,50.12
2015-12-14,52.75,52.75,52.00,52.25,149100,50.61
2015-12-11,52.75,52.75,52.25,52.75,95200,51.09
2015-12-10,53.00,53.00,52.00,52.25,75000,50.61
2015-12-09,53.00,53.00,52.25,52.50,72100,50.85
2015-12-08,53.00,53.00,52.25,53.00,137500,51.33
2015-12-07,52.25,52.75,52.00,52.75,423100,51.09
2015-12-04,52.00,52.25,51.00,52.25,442900,50.61
2015-12-03,52.75,52.75,51.25,51.75,276900,50.12
2015-12-02,52.00,52.50,51.50,52.00,766100,50.37
2015-12-01,51.50,52.25,51.00,51.50,268400,49.88
2015-11-30,49.90,51.75,49.60,51.75,4403400,50.12
2015-11-27,50.25,50.50,49.50,49.80,154400,48.23
2015-11-26,53.00,53.50,49.50,49.70,299200,48.14
2015-11-25,51.00,52.25,50.50,51.25,115600,49.64
2015-11-24,52.00,52.25,50.50,51.00,56400,49.40
2015-11-23,52.25,52.50,51.75,52.25,98200,50.61
2015-11-20,52.25,52.50,52.00,52.25,36300,50.61
2015-11-19,52.00,52.25,51.50,52.00,121300,50.37
2015-11-18,52.00,52.00,51.50,52.00,32800,50.37
2015-11-17,51.50,52.00,51.25,52.00,87100,50.37
2015-11-16,50.00,51.00,49.60,51.00,363100,49.40
2015-11-13,50.75,51.25,49.60,50.00,250900,48.43
2015-11-12,51.75,52.00,50.75,50.75,193100,49.15
2015-11-11,52.00,52.25,51.25,51.50,106400,49.88
2015-11-10,52.25,52.25,51.50,51.50,48900,49.88
2015-11-09,51.00,52.50,51.00,52.00,149100,50.37
2015-11-06,51.00,51.25,50.50,51.00,325400,49.40
2015-11-05,50.75,51.00,50.00,50.50,367200,48.91
2015-11-04,50.00,50.25,49.80,50.25,70200,48.67
2015-11-03,49.40,50.75,48.60,49.70,246200,48.14
2015-11-02,49.00,49.40,48.10,48.30,80300,46.78
2015-10-30,49.00,49.00,48.60,49.00,50500,47.46
2015-10-29,48.80,49.00,48.50,48.90,43200,47.36
2015-10-28,48.40,48.60,48.20,48.50,29200,46.98
2015-10-27,48.10,48.40,47.30,48.40,61500,46.88
2015-10-26,47.70,48.20,47.30,48.10,54600,46.59
2015-10-23,48.10,48.70,47.30,47.80,95900,46.30
2015-10-22,48.30,48.30,47.70,48.20,42000,46.68
2015-10-21,48.40,48.80,47.90,48.30,62800,46.78
2015-10-20,48.60,49.10,48.00,49.00,61400,47.46
2015-10-19,47.50,49.20,47.50,47.90,89700,46.39
2015-10-16,48.40,48.60,47.30,47.90,123900,46.39
2015-10-15,48.30,48.40,47.40,47.50,20600,46.01
2015-10-14,48.00,48.50,47.00,48.30,61300,46.78
2015-10-13,48.90,49.00,47.50,47.60,195100,46.10
2015-10-12,48.00,49.20,48.00,49.00,38000,47.46
2015-10-09,46.50,47.70,46.50,47.70,230400,46.20
2015-10-08,46.80,46.80,46.20,46.40,264200,44.94
2015-10-07,46.50,46.70,46.00,46.00,54300,44.55
2015-10-06,46.20,46.70,46.00,46.00,50500,44.55
2015-10-05,46.00,46.80,45.40,46.70,90100,45.23
2015-10-02,46.00,46.00,45.00,45.20,1704800,43.78
2015-10-01,45.50,46.70,45.50,45.80,52600,44.36
2015-09-30,44.70,45.80,44.70,45.40,497500,43.97
2015-09-29,44.60,44.60,43.50,44.20,57600,42.81
2015-09-28,45.30,45.30,44.20,44.70,256800,43.29
2015-09-25,44.40,45.60,44.40,45.40,44400,43.97
2015-09-24,45.00,45.40,44.10,44.50,91300,43.10
2015-09-23,45.30,45.30,44.80,45.00,68400,43.59
2015-09-22,46.20,46.20,45.10,45.30,218300,43.88
2015-09-21,45.90,46.00,45.20,45.90,124300,44.46
2015-09-18,46.00,46.00,44.80,44.90,118000,43.49
2015-09-17,45.00,47.20,45.00,45.60,100200,44.17
2015-09-16,44.60,45.40,44.60,45.00,126900,43.59
2015-09-15,45.70,46.00,44.20,44.60,125900,43.20
2015-09-14,46.60,46.60,45.40,45.90,61200,44.46
2015-09-11,46.80,47.20,46.40,47.00,81000,45.52
2015-09-10,45.80,47.00,45.10,47.00,134300,45.52
2015-09-09,47.40,47.40,45.80,45.80,198100,44.36
2015-09-08,47.20,47.20,46.50,46.60,47100,45.13
2015-09-07,46.50,48.20,46.50,46.70,126300,45.23
2015-09-04,46.60,46.80,46.40,46.50,69200,45.04
2015-09-03,46.50,47.40,45.90,47.00,223300,45.52
2015-09-02,46.90,47.40,46.10,46.50,160200,45.04
2015-09-01,47.80,47.80,46.80,46.80,108500,45.33
2015-08-31,47.20,48.10,46.30,48.00,103300,46.49
2015-08-28,47.80,48.60,47.20,47.50,175100,46.01
2015-08-27,45.20,46.80,45.00,45.90,74300,44.46
2015-08-26,46.00,46.00,44.00,44.00,56200,42.62
2015-08-25,44.10,45.50,44.00,44.80,312500,43.39
2015-08-24,45.10,45.20,41.50,43.80,142300,42.42
2015-08-21,46.10,46.20,45.20,46.10,71500,44.65
2015-08-20,46.60,47.30,46.00,46.50,56200,45.04
2015-08-19,47.60,47.60,46.30,47.30,35600,45.81
2015-08-18,47.50,47.90,47.30,47.50,31900,46.01
2015-08-17,47.90,48.40,47.50,48.00,80500,46.49
2015-08-14,48.10,48.10,47.60,47.70,21600,46.20
2015-08-13,48.00,48.40,47.60,48.10,87800,46.59
2015-08-12,48.10,48.30,47.50,48.10,28200,46.59
2015-08-11,48.20,48.90,48.10,48.40,99600,46.88
2015-08-10,48.90,48.90,48.40,48.90,29200,47.36
2015-08-07,49.00,49.00,48.40,49.00,32600,47.46
2015-08-06,49.00,49.40,48.30,48.90,190000,47.36
2015-08-05,49.20,49.70,49.10,49.20,93400,47.65
2015-08-04,49.60,49.70,49.10,49.70,33500,48.14
2015-08-03,49.60,49.70,49.20,49.70,15200,48.14
2015-07-31,49.40,49.60,49.20,49.60,11200,48.04
2015-07-30,49.80,49.80,49.20,49.50,13400,47.94
2015-07-29,50.25,50.25,49.10,49.40,457900,47.85
2015-07-28,50.00,50.25,49.30,49.70,26200,48.14
2015-07-27,50.00,50.00,49.30,49.60,29100,48.04
2015-07-24,49.20,50.25,49.00,50.25,69400,48.67
2015-07-23,49.90,49.90,49.00,49.50,40000,47.94
2015-07-22,49.90,49.90,49.50,49.90,36100,48.33
2015-07-21,49.90,49.90,49.00,49.70,219400,48.14
2015-07-20,49.40,49.80,49.30,49.70,72200,48.14
2015-07-17,49.00,49.40,48.90,49.30,114400,47.75
2015-07-16,49.90,49.90,49.00,49.00,133300,47.46
2015-07-15,49.00,49.90,49.00,49.70,117100,48.14
2015-07-14,49.60,49.80,49.40,49.80,59800,48.23
2015-07-13,48.70,49.60,48.70,49.40,73700,47.85
2015-07-10,48.90,48.90,48.50,48.80,78700,47.27
2015-07-09,48.60,48.90,48.00,48.70,51500,47.17
2015-07-08,48.90,48.90,48.00,48.00,108000,46.49
2015-07-07,48.10,48.80,48.00,48.30,109400,46.78
2015-07-06,49.00,49.10,48.10,48.10,140600,46.59
2015-07-03,49.00,49.30,48.70,49.30,4696200,47.75
2015-07-02,50.75,50.75,50.00,50.50,73800,48.91
2015-07-01,50.50,51.00,50.25,50.25,96300,48.67
2015-06-30,51.50,51.75,50.25,50.50,146700,48.91
2015-06-29,50.25,52.00,50.25,51.50,133500,49.88
2015-06-26,52.50,52.50,52.00,52.50,75600,50.85
2015-06-25,52.50,52.50,51.75,52.25,42800,50.61
2015-06-24,51.75,52.75,51.75,52.50,28200,50.85
2015-06-23,52.50,52.50,51.75,52.25,54000,50.61
2015-06-22,53.00,53.25,51.75,52.00,71800,50.37
2015-06-19,53.00,53.00,53.00,53.00,000,51.33
2015-06-18,52.50,53.00,51.25,53.00,328800,51.33
2015-06-17,52.75,52.75,52.00,52.50,28700,50.85
2015-06-16,51.75,52.75,51.25,52.75,44500,51.09
2015-06-15,53.00,53.00,51.75,52.00,92300,50.37
2015-06-12,53.25,53.25,52.50,53.25,12200,51.58
2015-06-11,52.50,53.25,52.50,53.25,127300,51.58
2015-06-10,53.00,53.25,52.75,53.00,84600,51.33
2015-06-09,53.00,53.50,52.00,53.25,56700,51.58
2015-06-08,53.50,53.50,52.75,53.25,33800,51.58
2015-06-05,52.50,53.50,52.00,53.50,174000,51.82
2015-06-04,53.25,53.50,52.50,52.50,243600,50.85
2015-06-03,52.50,53.50,52.50,53.50,79800,51.82
2015-06-02,53.75,53.75,52.75,53.50,43100,51.82
2015-06-01,54.00,54.00,52.75,53.50,71800,51.82
2015-05-29,54.25,54.25,52.25,53.25,516600,51.58
2015-05-28,52.75,54.00,52.75,53.75,72800,52.06
2015-05-27,54.00,54.00,52.50,53.00,113700,51.33
2015-05-26,53.50,54.00,53.00,53.00,89600,51.33
2015-05-25,53.50,54.00,52.50,53.75,134300,52.06
2015-05-22,51.00,54.00,49.80,53.75,360200,52.06
2015-05-21,52.00,52.00,51.00,51.00,38800,48.14
2015-05-20,51.75,52.00,51.00,52.00,111600,49.08
2015-05-19,51.75,51.75,50.50,51.50,194100,48.61
2015-05-18,49.50,51.50,49.50,50.50,118200,47.67
2015-05-15,48.30,49.40,47.70,49.10,103400,46.34
2015-05-14,47.30,47.30,47.30,47.30,000,44.65
2015-05-13,48.00,48.00,47.10,47.30,41300,44.65
2015-05-12,47.10,47.30,46.80,47.00,72100,44.36
2015-05-11,48.80,49.30,47.10,47.10,176100,44.46
2015-05-08,47.70,48.70,47.50,47.70,85200,45.02
2015-05-07,48.20,48.60,47.10,47.60,128400,44.93
2015-05-06,49.80,49.80,48.10,48.20,37500,45.49
2015-05-05,50.50,50.50,49.10,49.30,46800,46.53
2015-05-04,48.90,50.50,48.90,50.50,55500,47.67
2015-05-01,48.90,48.90,48.90,48.90,000,46.16
2015-04-30,49.50,50.75,48.00,48.90,144400,46.16
2015-04-29,51.00,51.00,48.50,49.50,180900,46.72
2015-04-28,50.00,51.00,50.00,50.00,77900,47.19
2015-04-27,51.25,51.25,50.50,51.00,30800,46.91
2015-04-24,51.25,51.25,50.25,51.00,72600,46.91
2015-04-23,50.75,51.50,50.25,51.00,219800,46.91
2015-04-22,50.75,51.25,50.00,50.00,126100,45.99
2015-04-21,50.00,50.50,49.70,50.50,204600,46.45
2015-04-20,50.50,50.75,49.80,49.80,78800,45.81
2015-04-17,51.50,51.50,50.25,50.25,123900,46.22
2015-04-16,51.75,51.75,50.75,50.75,192700,46.68
2015-04-15,52.00,52.00,51.00,51.00,139000,46.91
2015-04-14,51.50,52.00,51.25,52.00,165000,47.83
2015-04-13,51.50,51.50,50.25,51.50,83200,47.37
2015-04-10,51.25,51.50,51.00,51.50,70900,47.37
2015-04-09,52.00,52.00,51.50,51.50,45500,47.37
2015-04-08,51.75,52.00,51.50,52.00,38200,47.83
2015-04-07,52.00,53.50,51.25,51.75,116000,47.60
2015-04-06,52.50,52.50,52.50,52.50,000,48.29
2015-04-03,52.50,52.50,52.50,52.50,000,48.29
2015-04-02,51.75,52.50,51.75,52.50,20000,48.29
2015-04-01,52.00,52.00,51.25,51.75,42400,47.60
2015-03-31,51.25,51.50,50.75,51.00,66700,46.91
2015-03-30,51.25,51.75,50.50,51.25,108100,47.14
2015-03-27,51.25,51.25,49.60,50.50,152400,46.45
2015-03-26,52.00,52.00,51.00,51.00,160400,46.91
2015-03-25,52.25,52.25,51.50,52.00,34300,47.83
2015-03-24,51.75,52.50,51.25,52.25,84100,48.06
2015-03-23,52.00,53.25,51.00,51.50,168800,47.37
2015-03-20,53.75,53.75,51.25,53.00,304500,48.75
2015-03-19,53.75,53.75,53.00,53.75,101100,49.44
2015-03-18,53.75,54.00,53.00,53.00,140600,48.75
2015-03-17,54.00,54.00,53.25,53.75,27400,49.44
2015-03-16,53.50,54.50,53.25,54.00,82700,49.67
2015-03-13,52.75,53.50,52.50,52.75,72800,48.52
2015-03-12,52.50,52.75,52.50,52.50,81600,48.29
2015-03-11,52.50,52.75,52.00,52.50,71000,48.29
2015-03-10,52.50,52.50,50.75,52.50,76400,48.29
2015-03-09,51.75,52.25,51.75,52.00,41400,47.83
2015-03-06,52.50,52.50,51.75,51.75,48400,47.60
2015-03-05,52.50,53.25,51.75,51.75,83900,47.60
2015-03-04,53.25,53.50,51.25,52.50,54800,48.29
2015-03-03,54.25,54.75,52.00,52.25,375900,48.06
2015-03-02,54.00,54.75,53.50,53.50,301400,49.21
2015-02-27,52.00,52.50,52.00,52.50,68000,48.29
2015-02-26,53.50,53.50,51.00,52.00,268300,47.83
2015-02-25,54.75,56.00,52.50,53.50,574800,49.21
2015-02-24,52.50,52.50,50.25,50.75,91400,46.68
2015-02-23,53.50,53.75,52.50,52.50,55600,48.29
2015-02-20,52.50,53.75,52.50,53.25,319100,48.98
2015-02-19,53.50,53.50,51.00,52.25,88700,48.06
2015-02-18,53.00,53.75,52.00,52.75,38300,48.52
2015-02-17,52.50,52.50,51.25,52.00,95200,47.83
2015-02-16,52.75,53.00,52.00,52.25,48700,48.06
2015-02-13,53.75,53.75,52.00,52.75,73500,48.52
2015-02-12,53.50,54.25,53.25,53.75,57500,49.44
2015-02-11,53.75,54.00,53.25,53.75,26100,49.44
2015-02-10,53.25,53.75,52.50,53.25,48800,48.98
2015-02-09,53.25,54.00,53.00,53.75,46700,49.44
2015-02-06,53.25,53.75,53.00,53.25,42400,48.98
2015-02-05,53.50,53.50,52.25,53.00,17500,48.75
2015-02-04,52.50,53.50,52.25,53.50,41800,49.21
2015-02-03,52.00,53.75,51.25,53.25,75200,48.98
2015-02-02,53.50,54.00,51.25,52.00,85700,47.83
2015-01-30,53.00,53.00,51.25,52.50,146200,48.29
2015-01-29,51.25,52.50,51.00,52.50,319400,48.29
2015-01-28,52.00,52.75,51.00,51.25,136400,47.14
2015-01-27,50.75,52.00,49.80,50.25,55900,46.22
2015-01-26,48.70,50.75,48.70,50.25,59800,46.22
2015-01-23,48.60,49.10,48.00,48.90,53700,44.98
2015-01-22,46.20,49.00,46.20,48.30,70100,44.43
2015-01-21,45.70,46.20,45.30,46.20,28600,42.50
2015-01-20,45.00,45.80,44.90,45.70,148900,42.04
2015-01-19,45.50,45.50,44.80,45.00,199600,41.39
2015-01-16,46.00,46.00,44.70,45.40,53100,41.76
2015-01-15,47.00,47.00,45.50,45.70,148400,42.04
2015-01-14,47.10,47.50,46.70,47.00,40400,43.23
2015-01-13,46.00,47.50,44.50,47.10,346900,43.32
2015-01-12,46.10,46.30,45.80,45.80,31000,42.13
2015-01-09,45.70,46.80,45.70,46.00,146600,42.31
2015-01-08,47.00,47.00,45.60,46.00,220700,42.31
2015-01-07,47.40,47.40,46.10,46.10,124000,42.40
2015-01-06,47.40,47.40,47.40,47.40,000,43.60
2015-01-05,47.90,47.90,47.30,47.40,11200,43.60
2015-01-02,48.00,48.00,47.70,48.00,24300,44.15
2015-01-01,48.20,48.20,48.20,48.20,000,44.33
2014-12-31,48.20,48.20,48.20,48.20,000,44.33
2014-12-30,47.70,48.30,47.70,48.20,90000,44.33
2014-12-29,48.10,48.10,47.50,47.80,38100,43.97
2014-12-26,48.20,48.20,48.20,48.20,000,44.33
2014-12-25,48.20,48.20,48.20,48.20,000,44.33
2014-12-24,48.20,48.20,48.20,48.20,000,44.33
2014-12-23,47.00,48.50,47.00,48.20,91700,44.33
2014-12-22,47.50,47.60,46.60,47.20,180400,43.42
2014-12-19,48.30,48.70,47.80,47.80,135800,43.97
2014-12-18,49.70,49.70,48.00,48.50,185900,44.61
2014-12-17,49.60,49.60,48.10,48.70,90800,44.79
2014-12-16,49.90,50.00,49.30,49.60,140300,45.62
2014-12-15,49.00,50.25,48.70,50.00,185500,45.99
2014-12-12,51.25,51.50,49.00,49.70,74400,45.71
2014-12-11,52.50,52.75,51.25,51.25,150400,47.14
2014-12-10,51.50,52.75,51.25,52.75,116300,48.52
2014-12-09,50.50,52.00,50.25,51.50,109200,47.37
2014-12-08,52.00,52.00,50.50,50.50,140700,46.45
2014-12-05,51.00,51.00,51.00,51.00,000,46.91
2014-12-04,50.75,51.25,50.50,51.00,92600,46.91
2014-12-03,51.00,51.00,51.00,51.00,000,46.91
2014-12-02,50.50,52.00,50.50,51.00,463700,46.91
2014-12-01,52.25,52.75,48.10,52.25,165000,48.06
2014-11-28,57.00,57.00,49.70,53.00,1487100,48.75
2014-11-27,56.50,57.00,55.00,57.00,82500,52.43
2014-11-26,57.00,57.75,55.50,56.00,72400,51.51
2014-11-25,58.50,59.50,57.00,57.00,500800,52.43
2014-11-24,58.00,58.25,56.75,58.00,363900,53.35
2014-11-21,57.25,59.00,56.25,58.00,52800,53.35
2014-11-20,57.50,58.50,57.00,58.25,45100,53.58
2014-11-19,59.00,59.00,57.00,57.50,60900,52.89
2014-11-18,58.50,59.00,58.00,59.00,53300,54.27
2014-11-17,59.75,59.75,58.00,58.50,39500,53.81
2014-11-14,60.00,60.00,58.25,58.50,119200,53.81
2014-11-13,60.00,61.00,58.00,58.00,365100,53.35
2014-11-12,57.75,59.75,57.75,58.50,110700,53.81
2014-11-11,58.00,59.25,57.00,59.25,278400,54.50
2014-11-10,57.75,59.75,57.00,58.00,126300,53.35
2014-11-07,55.00,59.50,55.00,58.00,126400,53.35
2014-11-06,54.50,55.50,51.50,54.50,70200,50.13
2014-11-05,55.00,55.00,53.25,54.50,22000,50.13
2014-11-04,56.00,56.00,52.50,53.25,84600,48.98
2014-11-03,54.00,57.50,53.50,54.50,90800,50.13
2014-10-31,53.00,57.50,53.00,54.00,43500,49.67
2014-10-30,52.25,53.75,51.50,53.75,53300,49.44
2014-10-29,51.75,52.25,51.75,52.25,20700,48.06
2014-10-28,52.00,52.00,51.25,51.25,34400,47.14
2014-10-27,51.50,51.75,51.00,51.75,146100,47.60
2014-10-24,51.50,51.50,51.00,51.00,39600,46.91
2014-10-23,51.50,51.75,50.25,51.00,309400,46.91
2014-10-22,51.75,51.75,50.75,51.50,223400,47.37
2014-10-21,51.25,51.25,50.75,50.75,39100,46.68
2014-10-20,51.00,52.00,51.00,51.00,52200,46.91
2014-10-17,50.00,51.75,49.40,51.00,84400,46.91
2014-10-16,51.00,51.25,49.70,50.00,116600,45.99
2014-10-15,52.75,52.75,49.60,51.00,305600,46.91
2014-10-14,48.80,52.75,48.70,52.75,151200,48.52
2014-10-13,50.75,50.75,49.00,49.60,69500,45.62
2014-10-10,50.50,50.50,48.10,49.90,78500,45.90
2014-10-09,52.25,52.50,50.25,50.75,165300,46.68
2014-10-08,52.00,52.00,50.50,50.75,212900,46.68
2014-10-07,52.00,52.25,50.00,52.00,78600,47.83
2014-10-06,52.25,54.00,51.25,51.50,55200,47.37
2014-10-03,51.00,51.50,50.50,51.00,10400,46.91
2014-10-02,52.00,52.00,50.50,51.00,59700,46.91
2014-10-01,52.25,52.25,51.50,52.00,96200,47.83
2014-09-30,51.50,52.25,51.00,52.25,52800,48.06
2014-09-29,51.25,52.00,51.00,51.25,162900,47.14
2014-09-26,52.00,52.00,51.00,51.25,32000,47.14
2014-09-25,52.00,52.00,50.75,51.25,164500,47.14
2014-09-24,52.25,52.25,50.50,51.00,118500,46.91
2014-09-23,50.50,52.50,50.25,51.00,102700,46.91
2014-09-22,51.00,51.00,50.00,50.25,50200,46.22
2014-09-19,50.75,51.00,49.50,50.50,46800,46.45
2014-09-18,50.00,51.00,50.00,51.00,29500,46.91
2014-09-17,50.50,51.00,50.00,51.00,282000,46.91
2014-09-16,50.25,50.75,50.00,50.75,56700,46.68
2014-09-15,52.00,52.00,50.00,50.75,41300,46.68
2014-09-12,51.00,52.25,51.00,52.00,17500,47.83
2014-09-11,50.25,51.00,50.00,50.50,178500,46.45
2014-09-10,51.75,51.75,49.30,50.50,82600,46.45
2014-09-09,52.25,52.25,50.25,50.75,39200,46.68
2014-09-08,52.75,52.75,51.50,51.50,104300,47.37
2014-09-05,52.75,53.00,52.50,52.75,479700,48.52
2014-09-04,52.50,53.00,52.50,52.75,89800,48.52
2014-09-03,52.00,52.50,52.00,52.25,59100,48.06
2014-09-02,52.00,52.50,51.50,52.00,163200,47.83
2014-09-01,53.00,53.00,50.75,52.00,13800,47.83
2014-08-29,52.00,53.00,51.50,53.00,151300,48.75
2014-08-28,51.50,53.00,51.50,51.50,48600,47.37
2014-08-27,53.00,53.75,52.50,52.50,27300,48.29
2014-08-26,51.25,53.50,50.50,53.25,77600,48.98
2014-08-25,53.00,53.25,50.25,51.75,89400,47.60
2014-08-22,50.50,54.25,50.00,53.00,162800,48.75
2014-08-21,46.00,51.00,45.50,51.00,306800,46.91
2014-08-20,47.50,47.80,46.50,47.70,57400,43.87
2014-08-19,47.70,47.70,46.60,47.60,48000,43.78
2014-08-18,47.10,47.80,46.70,47.70,54000,43.87
2014-08-15,47.00,47.50,47.00,47.10,58300,43.32
2014-08-14,46.00,47.50,46.00,47.00,71800,43.23
2014-08-13,46.90,46.90,45.50,46.00,120800,42.31
2014-08-12,47.00,47.00,45.80,45.80,25900,42.13
2014-08-11,46.80,46.80,45.70,45.70,12300,42.04
2014-08-08,46.30,46.30,45.60,46.00,253800,42.31
2014-08-07,46.50,46.50,46.00,46.40,24400,42.68
2014-08-06,46.00,46.20,45.30,46.20,457200,42.50
2014-08-05,46.50,46.50,46.00,46.00,398100,42.31
2014-08-04,45.50,46.20,45.10,46.00,84600,42.31
2014-08-01,45.50,45.90,45.10,45.90,33300,42.22
2014-07-31,45.00,46.00,44.70,46.00,116800,42.31
2014-07-30,45.10,45.30,44.70,45.10,72700,41.48
2014-07-29,45.50,45.60,45.10,45.10,59300,41.48
2014-07-28,46.60,46.60,45.20,45.50,14600,41.85
2014-07-25,46.60,47.00,45.70,45.80,65200,42.13
2014-07-24,45.90,46.40,45.40,46.00,166800,42.31
2014-07-23,45.70,47.00,45.70,45.90,33500,42.22
2014-07-22,46.90,47.70,46.20,46.30,26400,42.59
2014-07-21,46.30,47.80,46.00,47.80,1158400,43.97
2014-07-18,46.30,46.70,45.70,46.30,109600,42.59
2014-07-17,46.50,46.50,46.00,46.10,64100,42.40
2014-07-16,46.40,46.60,46.30,46.40,148000,42.68
2014-07-15,46.50,46.50,45.70,46.50,448500,42.77
2014-07-14,46.70,46.80,46.30,46.40,156400,42.68
2014-07-11,45.00,46.70,45.00,46.70,150400,42.96
2014-07-10,46.20,46.30,45.60,46.00,1475800,42.31
2014-07-09,46.00,46.70,46.00,46.20,96300,42.50
2014-07-08,47.10,47.10,46.30,46.30,204100,42.59
2014-07-07,46.80,47.30,46.50,47.10,475400,43.32
2014-07-04,47.50,47.70,45.00,46.90,213600,43.14
2014-07-03,47.00,47.70,47.00,47.70,285000,43.87
2014-07-02,47.50,47.50,46.80,47.00,461600,43.23
2014-07-01,47.50,47.90,47.00,47.60,678400,43.78
2014-06-30,48.00,48.00,46.70,47.50,1011500,43.69
2014-06-27,45.80,48.50,44.30,47.00,11234600,43.23
